neuron 1
  0.031 -0.017  0.422 -0.045  0.254 -0.421  0.020  0.156  0.192  0.273  0.304 -0.398 -0.307  0.473 -0.477 -0.291
neuron 2
 -0.394 -0.101 -0.207 -0.058  0.389 -0.148 -0.298  0.309  0.253 -0.454  0.342 -0.165 -0.484  0.270 -0.063  0.200
neuron 3
  0.129  0.059  0.306  0.001 -0.248 -0.361  0.275  0.050  0.284 -0.272 -0.026 -0.484  0.242 -0.235 -0.037 -0.029
neuron 4
  0.123  0.213  0.315 -0.194 -0.317  0.009  0.078  0.166  0.136 -0.358  0.024 -0.004  0.068 -0.245 -0.278 -0.384
neuron 5
  0.160 -0.068 -0.150  0.066  0.419 -0.023 -0.177 -0.420 -0.271 -0.340  0.362 -0.132 -0.440 -0.015  0.118 -0.299
neuron 6
 -0.329 -0.332 -0.000  0.422  0.375  0.486  0.062 -0.005  0.219 -0.238  0.425 -0.329  0.097 -0.041  0.136  0.446
neuron 7
 -0.395  0.377  0.380  0.405  0.222  0.297  0.343  0.332  0.281 -0.008 -0.020  0.292 -0.021  0.109 -0.037 -0.386
neuron 8
  0.309  0.116  0.467 -0.105  0.054 -0.403  0.139 -0.377 -0.128 -0.161  0.409 -0.213  0.162 -0.012  0.110  0.421
neuron 9
  0.197 -0.078  0.069 -0.056  0.498  0.135 -0.033  0.396  0.252 -0.290 -0.269 -0.422  0.198 -0.220  0.082 -0.051
neuron 10
  0.050 -0.439  0.333 -0.072 -0.393  0.190  0.276 -0.222 -0.362  0.201  0.473 -0.495  0.304  0.370 -0.163 -0.266
neuron 11
  0.119 -0.103 -0.166  0.458 -0.068  0.404 -0.014 -0.380 -0.109  0.423 -0.364  0.230 -0.320  0.223 -0.187  0.404
neuron 12
 -0.471 -0.401 -0.114  0.186 -0.283  0.482 -0.149 -0.233  0.339 -0.054 -0.384  0.397 -0.142 -0.112  0.369  0.266
neuron 13
  0.310 -0.124 -0.160  0.192  0.331  0.404  0.040 -0.061 -0.151  0.087 -0.291 -0.103  0.108 -0.040  0.388  0.032
neuron 14
  0.264 -0.166 -0.165  0.486 -0.413  0.351  0.468 -0.077 -0.108  0.048 -0.017 -0.085  0.163 -0.055  0.376  0.370
neuron 15
  0.412  0.480  0.358  0.347 -0.010 -0.366 -0.421 -0.423  0.158  0.155  0.302 -0.493  0.258  0.421 -0.394 -0.462
neuron 16
  0.216  0.360  0.167 -0.009  0.063  0.181 -0.001 -0.267 -0.156  0.330 -0.327 -0.206 -0.121  0.148  0.487 -0.270
