neuron 1
  0.028  0.277 -0.361  0.478  0.165 -0.484  0.067 -0.013 -0.030  0.478 -0.457  0.266  0.029 -0.192 -0.198 -0.301
neuron 2
  0.259  0.274  0.061 -0.388  0.018  0.129  0.039  0.313 -0.493 -0.109 -0.124  0.276 -0.491  0.166 -0.090 -0.058
neuron 3
 -0.300 -0.306  0.444  0.333 -0.368  0.295  0.305 -0.475  0.102 -0.436  0.028 -0.016 -0.449 -0.336 -0.415  0.475
neuron 4
 -0.027 -0.013  0.070  0.360 -0.301 -0.037 -0.035  0.078  0.049 -0.106  0.074  0.011 -0.404 -0.093  0.296  0.157
neuron 5
 -0.439  0.157 -0.274  0.450  0.037 -0.135  0.122  0.352 -0.296 -0.083 -0.120 -0.098  0.163  0.451  0.198 -0.008
neuron 6
  0.452  0.257  0.242 -0.288  0.436 -0.001 -0.041 -0.208  0.444 -0.118  0.328 -0.150 -0.382  0.243  0.268 -0.421
neuron 7
  0.449 -0.237 -0.086 -0.115 -0.185  0.194  0.235 -0.076 -0.398  0.353 -0.253  0.060  0.120 -0.307  0.005  0.399
neuron 8
  0.380 -0.302 -0.317  0.318 -0.239 -0.026 -0.128 -0.145 -0.039 -0.421  0.459 -0.117 -0.062 -0.215 -0.433  0.088
neuron 9
  0.032  0.036 -0.268  0.254 -0.305 -0.135  0.063  0.274 -0.362 -0.155  0.435  0.049  0.453  0.454  0.498 -0.002
neuron 10
  0.057  0.187 -0.390 -0.129  0.272 -0.480 -0.281  0.145  0.475 -0.366 -0.368  0.278 -0.402  0.453 -0.364  0.410
neuron 11
  0.448  0.157   0.10 -0.140  0.026  0.105  0.365  0.042  0.126 -0.211 -0.009  0.006  0.428 -0.445  0.054 -0.200
neuron 12
  0.107 -0.045 -0.333  0.335 -0.188 -0.324  0.047 -0.093 -0.437 -0.017 -0.194  0.433 -0.269  0.187 -0.489  0.381
neuron 13
  0.041  0.226 -0.352 -0.051 -0.438 -0.063 -0.345 -0.294 -0.080  0.158  0.405 -0.137 -0.364  0.411 -0.068  0.244
neuron 14
  0.313 -0.033  0.177  0.212 -0.245  0.463 -0.342  0.270  0.125 -0.318 -0.113  0.388 -0.260  0.367 -0.406  0.138
neuron 15
  0.460 -0.391  0.092  0.158  0.382  0.222 -0.320  0.285 -0.221 -0.466 -0.158  0.034 -0.078 -0.263 -0.088 -0.207
neuron 16
  0.243  0.091  0.071  0.332 -0.227  0.212  0.228 -0.226  0.465  0.149  0.058 -0.302 -0.276  0.446  0.385 -0.011
