Neuron 1
   0.48982   0.75484  -0.20267   0.87679   0.70135  -0.55418   0.53959   0.29713   0.39490   0.88193  -0.51298   0.74099   0.31719  -0.21175  -0.21316  -0.41038
Neuron 2
   0.69345   0.70676   0.51551  -0.58381   0.61174   0.70661   0.59117   0.79188  -0.55040   0.25360   0.26182   0.78808  -0.62590   0.63836   0.20854   0.30024
Neuron 3
  -0.15670  -0.25046   0.88928   0.78459  -0.26990   0.77785   0.77902  -0.62072   0.63583  -0.49251   0.48244   0.31515  -0.67171  -0.50734  -0.63468   0.82792
Neuron 4
  -0.02400  -0.07775   0.02975   0.40255  -0.45600  -0.04800  -0.08477  -0.01510   0.11875  -0.14777  -0.03813  -0.00201  -0.03991   0.47348   0.72814   0.60990
Neuron 5
  -0.51227   0.38932  -0.30093   0.77858  -0.04036  -0.32434   0.17518   0.50746  -0.42443  -0.23821  -0.41625  -0.18999   0.81069   0.92641   0.83572   0.70223
Neuron 6
   0.89741   0.78391   0.80875  -0.30284   0.91507   0.36956   0.35075  -0.24453   0.93843   0.33958   0.89310   0.19607  -0.36510   0.81084   0.84263  -0.42857
Neuron 7
   0.95666   0.40709   0.79439   0.62024  -0.12337   0.64358   0.73621   0.05419  -0.53145   0.82987  -0.35888   0.56386   0.60483  -0.42748   0.33070   0.87427
Neuron 8
   0.16550  -0.33154  -0.48908   0.08175  -0.54111  -0.37262  -0.43778  -0.49523   0.15941  -0.03708   0.55013   0.10857  -0.01075  -0.19124  -0.38828   0.07513
Neuron 9
   0.15521   0.12218  -0.26543   0.30991  -0.66104  -0.56801  -0.37824  -0.20703  -0.29806  -0.08909   0.47514   0.20471   0.73916   0.76680   0.78001   0.46315
Neuron 10
  -0.11077   0.10259  -0.59387  -0.32165   0.79462  -0.19430   0.17904   0.67818   0.65183  -0.69917  -0.67217   0.29719  -0.11229   0.87457   0.10937   0.84800
Neuron 11
   0.81883   0.55732   0.66013   0.12179   0.72085   0.72978   0.88056   0.70717   0.26166  -0.51537  -0.02912   0.04872   0.75610  -0.64285   0.29021  -0.19266
Neuron 12
   0.46618   0.34055   0.05988   0.57140  -0.61067  -0.71837  -0.47671  -0.53522  -0.24686   0.25144   0.04803   0.56053  -0.47210  -0.20840  -0.68009   0.03314
Neuron 13
   0.24490   0.38924  -0.17846   0.13582  -0.75479  -0.61760  -0.71959  -0.70208   0.22593   0.54233   0.62156   0.24462  -0.51846  -0.09498  -0.43155  -0.14988
Neuron 14
  -0.00313  -0.33992  -0.13231  -0.04518   0.10105   0.74178  -0.13534   0.53910   0.38271  -0.21876   0.14998   0.57577  -0.14788   0.57427  -0.31563   0.37673
Neuron 15
   0.36746  -0.66231   0.07710  -0.01767   0.91819   0.87915   0.55073   0.88176  -0.42142  -0.75343  -0.32695  -0.22770  -0.26554  -0.43392  -0.16803  -0.37108
Neuron 16
   0.47788   0.27794   0.37153   0.58828   0.13206   0.66407   0.67338   0.06769   0.68860   0.28531   0.19823  -0.34074  -0.30495   0.65858   0.61984   0.06029
