Neuron 1
   -1.0000    1.0000   -1.0000    1.0000    1.0000   -1.0000    1.0000  -0.99997    1.0000    1.0000   -1.0000    1.0000    1.0000    1.0000    1.0000    1.0000
Neuron 2
    1.0000    1.0000    1.0000    1.0000    1.0000    1.0000    1.0000    1.0000   -1.0000  -0.99999  -0.99999    1.0000   -1.0000    1.0000    1.0000    1.0000
Neuron 3
    1.0000    1.0000    1.0000    1.0000   -1.0000  -0.99999  -0.99999   -1.0000   -1.0000   -1.0000   -1.0000   -1.0000    1.0000    1.0000    1.0000    1.0000
Neuron 4
  -0.99999   -1.0000   -1.0000  -0.99984  -0.99996  -0.99981  -0.99950  -0.99979  -0.99999   -1.0000   -1.0000   -1.0000    1.0000    1.0000    1.0000    1.0000
Neuron 5
   -1.0000   -1.0000   -1.0000    1.0000   -1.0000   -1.0000  -0.99999  -0.99999  -0.99999   -1.0000   -1.0000   -1.0000    1.0000    1.0000    1.0000    1.0000
Neuron 6
    1.0000    1.0000    1.0000    1.0000   -1.0000   -1.0000   -1.0000   -1.0000   -1.0000   -1.0000   -1.0000   -1.0000    1.0000    1.0000    1.0000    1.0000
Neuron 7
    1.0000    1.0000    1.0000    1.0000   -1.0000   -1.0000   -1.0000   -1.0000   -1.0000   -1.0000   -1.0000    1.0000   -1.0000   -1.0000   -1.0000  -0.99999
Neuron 8
   -1.0000   -1.0000   -1.0000   -1.0000  -0.99996  -0.99999  -0.99999   -1.0000    1.0000    1.0000    1.0000    1.0000   -1.0000   -1.0000   -1.0000   -1.0000
Neuron 9
   -1.0000   -1.0000   -1.0000  -0.99999   -1.0000   -1.0000   -1.0000   -1.0000    1.0000    1.0000    1.0000    1.0000    1.0000    1.0000    1.0000    1.0000
Neuron 10
   -1.0000   -1.0000   -1.0000   -1.0000    1.0000    1.0000    1.0000    1.0000   -1.0000   -1.0000   -1.0000   -1.0000    1.0000    1.0000    1.0000    1.0000
Neuron 11
    1.0000    1.0000    1.0000    1.0000    1.0000    1.0000    1.0000    1.0000   -1.0000   -1.0000   -1.0000   -1.0000  -0.99999  -0.99999  -0.99999  -0.99999
Neuron 12
    1.0000    1.0000    1.0000    1.0000   -1.0000   -1.0000   -1.0000   -1.0000    1.0000    1.0000    1.0000    1.0000   -1.0000   -1.0000   -1.0000   -1.0000
Neuron 13
  -0.99976   0.98040   -1.0000  -0.99589  -0.99999   -1.0000   -1.0000   -1.0000    1.0000    1.0000    1.0000    1.0000  -0.99974   -1.0000  -0.99999  -0.99978
Neuron 14
  -0.99988  -0.99987  -0.99977  -0.99980    1.0000    1.0000    1.0000   0.99999    1.0000    1.0000    1.0000    1.0000  -0.99988  -0.99989  -0.99991  -0.99974
Neuron 15
   -1.0000   -1.0000   -1.0000   -1.0000    1.0000    1.0000    1.0000    1.0000  -0.99999   -1.0000  -0.99996   -1.0000  -0.99977  -0.99977  -0.99947  -0.99991
Neuron 16
   -1.0000   -1.0000   -1.0000   -1.0000    1.0000    1.0000    1.0000    1.0000  -0.99978   -1.0000  -0.99999   -1.0000  -0.99997  -0.99964  -0.99957  -0.99996
