1.7731
1.7649
1.787
1.7951
1.8146
1.8273
1.8353
1.829
1.8254
1.8315
1.858
1.851
1.8689
1.8675
1.8434
1.8382
1.8423
1.8436
1.8434
1.8619
1.8582
1.878
1.8624
1.8689
1.8791
1.8782
1.868
1.8727
1.859
1.8615
1.8702
1.8489
1.8438
1.8422
1.837
1.8429
1.8423
1.8356
1.8224
1.8226
1.8166
1.8229
1.8353
1.8411
1.8407
1.8536
1.852
1.8576
1.8612
1.8624
1.8672
1.8576
1.8723
1.8714
1.8763
1.8752
1.8725
1.8694
1.871
1.871
1.871
1.8952
1.8915
1.8932
1.8943
1.8817
1.8693
1.8721
1.8686
1.8748
1.8792
1.8861
1.8861
1.8724
1.8702
1.8571
1.8524
1.862
1.8462
1.8499
1.8607
1.8651
1.8789
1.8761
1.8798
1.8798
1.8852
1.8895
1.8919
1.8981
1.9078
1.9151
1.9049
1.9138
1.9193
1.9427
1.9427
1.973
1.9663
1.9688
2.0104
2.008
2.0115
1.9953
1.9887
1.9887
2.0099
1.9762
1.9835
1.9582
1.9617
1.9767
1.9611
1.9771
2.0016
2.0256
2.0267
2.0297
2.0234
1.9932
1.9722
1.9781
1.97
1.9591
1.9384
1.9563
1.9562
1.965
1.9549
1.9545
1.9287
1.9213
1.891
1.8912
1.8837
1.8569
1.8792
1.8763
1.8812
1.9029
1.9062
1.8936
1.9018
1.9007
1.9062
1.9098
1.8936
1.8742
1.869
1.8875
1.8662
1.8646
1.8515
1.8655
1.8978
1.9051
1.8911
1.9001
1.8915
1.9379
1.9381
1.9469
1.9427
1.9682
1.9562
1.9512
1.9423
1.9564
1.9586
1.9529
1.9529
1.9381
1.9463
1.9574
1.9772
1.9788
1.9912
1.9742
1.9842
1.9793
1.9864
1.9877
1.98
1.9686
2.0003
1.9522
1.9517
1.9406
1.9434
1.9502
1.9055
1.8881
1.881
1.8812
1.8715
1.8742
1.8857
1.8775
1.8851
1.8908
1.8841
1.8967
1.9165
1.9084
1.891
1.8651
1.8531
1.854
1.8523
1.854
1.8542
1.8394
1.8406
1.8388
1.83
1.8372
1.8409
1.8379
1.8494
1.8475
1.8519
1.8438
1.8453
1.8484
1.8633
1.8618
1.8479
1.8379
1.8346
1.8419
1.8361
1.8193
1.8099
1.8166
1.8048
1.7895
1.7872
1.7821
1.7798
1.7816
1.7813
1.7765
1.7655
1.773
1.7711
1.7663
1.7337
1.7398
1.7376
1.7217
1.7265
1.737
1.7405
1.7256
1.7073
1.7073
1.7073
1.6902
1.6873
1.6915
1.6915
1.7091
1.7205
1.6794
1.6804
1.6692
1.6823
1.6797
1.6823
1.6791
1.6957
1.6938
1.6894
1.7082
1.7046
1.7216
1.697
1.6868
1.6868
1.6933
1.6801
1.68
1.6875
1.6805
1.686
1.6696
1.6579
1.6549
1.6731
1.6745
1.6701
1.6765
1.6711
1.68
1.678
1.6769
1.674
1.6647
1.6681
1.6779
1.6893
1.6844
1.6967
1.7067
1.7187
1.7038
1.7015
1.7068
1.7017
1.7037
1.7101
1.7167
1.7133
1.7027
1.6944
1.6827
1.6962
1.7074
1.7047
1.7108
1.7147
1.7097
1.7086
1.6978
1.6874
1.7029
1.6998
1.7007
1.6997
1.6946
1.6911
1.6911
1.6748
1.6733
1.6733
1.6733
1.6764
1.6718
1.6773
1.6891
1.6972
1.6947
1.6824
1.6815
1.6758
1.6789
1.6783
1.6824
1.6814
1.6717
1.6717
1.6577
1.6369
1.6373
1.631
1.6444
1.6468
1.6423
1.6474
1.6474
1.6632
1.6686
1.6726
1.6805
1.682
1.682
1.6726
1.6814
1.6995
1.6934
1.6935
1.6909
1.6864
1.6903
1.6963
1.6919
1.6926
1.692
1.6945
1.6935
1.6764
1.6725
1.6763
1.6807
1.6748
1.6773
1.671
1.6643
1.6686
1.6652
1.6586
1.6507
1.6471
1.6484
1.6541
1.6491
1.6469
1.65
1.6551
1.6422
1.6533
1.646
1.6438
1.6442
1.6409
1.6278
1.6187
1.617
1.6226
1.6149
1.6088
1.5874
1.5916
1.5946
1.5918
1.5768
1.5806
1.5943
1.5919
1.5905
1.5764
1.5685
1.5627
1.564
1.5495
1.5573
1.5544
1.5534
1.5475
1.5574
1.5574
1.5516
1.5566
1.5657
1.576
1.5844
1.5836
1.5631
1.5575
1.5651
1.5814
1.5905
1.5876
1.5739
1.5609
1.5568
1.5477
1.5676
1.5811
1.5782
1.5574
1.5641
1.5719
1.5705
1.5666
1.552
1.5561
1.5434
1.5328
1.5465
1.535
1.525
1.5288
1.5318
1.5172
1.5229
1.5151
1.5115
1.511
1.5029
1.5162
1.5172
1.5066
1.5139
1.5158
1.5165
1.5182
1.5149
1.5078
1.5018
1.4857
1.4859
1.4824
1.4879
1.487
1.4803
1.4794
1.4721
1.477
1.47
1.4742
1.4772
1.4821
1.4779
1.4854
1.492
1.4797
1.4842
1.496
1.5004
1.5138
1.5027
1.5008
1.4901
1.4796
1.4721
1.4798
1.4789
1.4802
1.4849
1.4868
1.4845
1.4781
1.5007
1.5258
1.5387
1.5387
1.5387
1.5312
1.4971
1.4948
1.4948
1.4903
1.4924
1.5063
1.532
1.532
1.5131
1.532
1.5325
1.5446
1.5424
1.5441
1.5129
1.5023
1.4935
1.4935
1.4885
1.486
1.4904
1.4885
1.4864
1.4916
1.4784
1.4672
1.464
1.4621
1.45
1.4509
1.4566
1.4456
1.4533
1.4566
1.4664
1.4759
1.4847
1.4921
1.4968
1.4904
1.5046
1.5224
1.5204
1.5206
1.5271
1.5371
1.5366
1.5326
1.541
1.5478
1.5625
1.5789
1.5698
1.5765
1.5782
1.5998
1.6331
1.6525
1.6488
1.6369
1.6443
1.6704
1.689
1.7059
1.705
1.705
1.705
1.6799
1.6634
1.6671
1.6742
1.6888
1.6685
1.6788
1.6713
1.685
1.6755
1.6648
1.6723
1.6874
1.737
1.7665
1.742
1.7535
1.749
1.7495
1.75
1.711
1.7153
1.7235
1.751
1.751
1.721
1.721
1.7449
1.7242
1.7115
1.697
1.6872
1.696
1.7358
1.7295
1.7144
1.7234
1.7135
1.7055
1.7055
1.693
1.7131
1.7155
1.742
1.751
1.7455
1.7465
1.7525
1.7715
1.7666
1.7745
1.792
1.797
1.793
1.795
1.8166
1.7895
1.7941
1.8035
1.7819
1.793
1.7876
1.7965
1.8105
1.8105
1.8105
1.8298
1.835
1.8275
1.809
1.8143
1.8213
1.8344
1.79
1.7943
1.801
1.79
1.7744
1.747
1.7625
1.7576
1.7387
1.7587
1.744
1.751
1.754
1.7447
1.7573
1.7375
1.7169
1.711
1.7083
1.7165
1.7193
1.7215
1.7319
1.7369
1.743
1.7648
1.8134
1.8005
1.7445
1.738
1.7478
1.7478
1.7528
1.7395
1.7434
1.7475
1.7452
1.7337
1.7366
1.7393
1.7144
1.6938
1.6947
1.698
1.6908
1.6866
1.674
1.674
1.6875
1.6914
1.6914
1.6728
1.6855
1.6814
1.6865
1.6703
1.668
1.6678
1.668
1.6618
1.676
1.6788
1.7055
1.6912
1.696
1.6888
1.6985
1.7116
1.704
1.704
1.6877
1.6918
1.7026
1.7092
1.6983
1.7
1.7079
1.6888
1.6724
1.6695
1.6441
1.6417
1.6438
1.6347
1.6455
1.6424
1.6396
1.6358
1.6345
1.6299
1.6299
1.6102
1.5993
1.5995
1.5988
1.5845
1.5883
1.612
1.6148
1.6166
1.6253
1.613
1.608
1.6035
1.5865
1.573
1.5737
1.5795
1.5775
1.5835
1.589
1.5755
1.5737
1.5695
1.5565
1.536
1.514
1.514
1.514
1.514
1.514
1.5215
1.5165
1.5165
1.532
1.5435
1.5158
1.5085
1.509
1.559
1.559
1.5775
1.5959
1.6285
1.6285
1.594
1.5903
1.586
1.5907
1.6068
1.595
1.6112
1.5994
1.6015
1.6159
1.6114
1.6
1.5928
1.5807
1.5773
1.5595
1.579
1.5965
1.6078
1.6238
1.6265
1.627
1.6435
1.643
1.6449
1.6563
1.6522
1.658
1.646
1.6361
1.6373
1.643
1.66
1.6682
1.6723
1.6675
1.6622
1.671
1.6649
1.6703
1.667
1.6622
1.652
1.6535
1.6725
1.6764
1.6665
1.6645
1.652
1.6613
1.6405
1.644
1.6435
1.6512
1.6445
1.6253
1.6254
1.623
1.628
1.6175
1.6365
1.6533
1.6557
1.6613
1.6677
1.669
1.669
1.6686
1.6623
1.659
1.65
1.6545
1.6543
1.658
1.6478
1.6405
1.6405
1.6365
1.6296
1.6325
1.6435
1.6384
1.6234
1.6083
1.6125
1.61
1.5967
1.5908
1.6005
1.616
1.616
1.616
1.6124
1.637
1.627
1.6075
1.6057
1.6135
1.604
1.5977
1.5915
1.588
1.5913
1.5918
1.5775
1.5778
1.5711
1.5681
1.5746
1.567
1.5737
1.5655
1.5655
1.5495
1.5369
1.535
1.5215
1.5223
1.523
1.5053
1.519
1.5132
1.4963
1.4885
1.5125
1.4935
1.4753
1.4865
1.4809
1.4788
1.4575
1.4935
1.4873
1.4875
1.4823
1.5038
1.481
1.473
1.4818
1.476
1.4745
1.4745
1.477
1.4805
1.4775
1.467
1.4637
1.472
1.4635
1.4555
1.4651
1.464
1.4582
1.4592
1.4486
1.4287
1.4013
1.4018
1.406
1.4082
1.4098
1.4025
1.3903
1.3938
1.4145
1.403
1.4042
1.3938
1.4066
1.423
1.4494
1.4844
1.4916
1.5085
1.4788
1.5035
1.4804
1.4994
1.4993
1.4862
1.484
1.4525
1.4132
1.4113
1.4198
1.4085
1.4267
1.4282
1.454
1.4877
1.488
1.468
1.4662
1.4572
1.4525
1.482
1.5005
1.5175
1.5227
1.5082
1.5278
1.5317
1.5285
1.5427
1.5374
1.5415
1.5654
1.5678
1.5722
1.5789
1.5978
1.6008
1.5875
1.5845
1.5765
1.5679
1.5928
1.5925
1.5895
1.5715
1.606
1.594
1.5948
1.5885
1.5949
1.5985
1.5905
1.5735
1.5785
1.5822
1.5936
1.5567
1.5593
1.5736
1.573
1.579
1.5743
1.5677
1.5568
1.557
1.565
1.565
1.5889
1.5953
1.5995
1.5995
1.6
1.6135
1.6183
1.6204
1.6203
1.639
1.6265
1.6335
1.6378
1.6428
1.6305
1.6305
1.6248
1.6247
1.6354
1.6135
1.6091
1.605
1.6138
1.5902
1.5769
1.5782
1.5865
1.5871
1.6107
1.6362
1.6417
1.6486
1.6572
1.6585
1.6567
1.654
1.6585
1.6558
1.6585
1.6585
1.6292
1.623
1.6315
1.6377
1.6247
1.6225
1.6275
1.636
1.644
1.656
1.642
1.645
1.6383
1.6383
1.661
1.6657
1.6657
1.6615
1.666
1.666
1.6624
1.6614
1.6424
1.6359
1.637
1.63
1.6296
1.6414
1.6335
1.6248
1.6185
1.6078
1.592
1.6065
1.5948
1.6125
1.6174
1.6041
1.607
1.5925
1.5818
1.5933
1.6035
1.6169
1.5993
1.5945
1.5998
1.5994
1.5824
1.567
1.5907
1.5808
1.5784
1.585
1.585
1.5742
1.5791
1.5745
1.5861
1.6079
1.6084
1.6096
1.6161
1.6008
1.6147
1.625
1.6235
1.6145
1.6275
1.637
1.629
1.628
1.606
1.5875
1.5875
1.592
1.5968
1.6005
1.6277
1.6193
1.6255
1.6365
1.6298
1.626
1.6284
1.6459
1.6585
1.6592
1.681
1.6878
1.6932
1.6927
1.7083
1.7067
1.713
1.6875
1.7062
1.7063
1.696
1.6983
1.7037
1.7085
1.702
1.722
1.7292
1.7186
1.7164
1.723
1.7185
1.7065
1.699
1.6975
1.7063
1.7203
1.7249
1.7267
1.7182
1.7405
1.7425
1.7082
1.7035
1.7093
1.7113
1.6955
1.6969
1.7166
1.722
1.717
1.712
1.712
1.6938
1.6898
1.688
1.6755
1.684
1.6788
1.6845
1.667
1.664
1.6714
1.6777
1.6765
1.645
1.6215
1.6215
1.613
1.6195
1.6002
1.5975
1.6091
1.6092
1.5965
1.6015
1.612
1.6225
1.6015
1.6306
1.6438
1.638
1.629
1.612
1.6132
1.6332
1.631
1.6233
1.626
1.6225
1.6222
1.6045
1.6065
1.5953
1.6018
1.6015
1.6175
1.6293
1.641
1.6388
1.6682
1.6772
1.6858
1.678
1.6805
1.6734
1.6875
1.6938
1.7033
1.6924
1.6951
1.6935
1.6855
1.6928
1.6893
1.6933
1.685
1.6923
1.7048
1.7032
1.7127
1.715
1.7103
1.7026
1.7024
1.7075
1.7138
1.708
1.715
1.723
1.7226
1.72
1.702
1.7023
1.7075
1.7043
1.6969
1.708
1.7144
1.7173
1.7092
1.7038
1.7038
1.7075
1.7017
1.6935
1.6975
1.6974
1.6974
1.6974
1.7353
1.7382
